-8.289999999999999591e-01 -2.999999999999999889e-01 2.000000000000000111e-01
-8.289999999999999591e-01 -2.999999999999999889e-01 2.750000000000000222e-01
-8.289999999999999591e-01 -2.999999999999999889e-01 3.499999999999999778e-01
-7.729999999999999094e-01 -2.999999999999999889e-01 2.000000000000000111e-01
-7.729999999999999094e-01 -2.999999999999999889e-01 2.750000000000000222e-01
-7.729999999999999094e-01 -2.999999999999999889e-01 3.499999999999999778e-01
-7.169999999999999707e-01 -2.999999999999999889e-01 2.000000000000000111e-01
-7.169999999999999707e-01 -2.999999999999999889e-01 2.750000000000000222e-01
-7.169999999999999707e-01 -2.999999999999999889e-01 3.499999999999999778e-01
-6.610000000000000320e-01 -2.999999999999999889e-01 2.000000000000000111e-01
-6.610000000000000320e-01 -2.999999999999999889e-01 2.750000000000000222e-01
-6.610000000000000320e-01 -2.999999999999999889e-01 3.499999999999999778e-01
-6.049999999999999822e-01 -2.999999999999999889e-01 2.000000000000000111e-01
-6.049999999999999822e-01 -2.999999999999999889e-01 2.750000000000000222e-01
-6.049999999999999822e-01 -2.999999999999999889e-01 3.499999999999999778e-01
-5.490000000000000435e-01 -2.999999999999999889e-01 2.000000000000000111e-01
-5.490000000000000435e-01 -2.999999999999999889e-01 2.750000000000000222e-01
-5.490000000000000435e-01 -2.999999999999999889e-01 3.499999999999999778e-01
-4.929999999999999938e-01 -2.999999999999999889e-01 2.000000000000000111e-01
-4.929999999999999938e-01 -2.999999999999999889e-01 2.750000000000000222e-01
-4.929999999999999938e-01 -2.999999999999999889e-01 3.499999999999999778e-01
-4.369999999999999996e-01 -2.999999999999999889e-01 2.000000000000000111e-01
-4.369999999999999996e-01 -2.999999999999999889e-01 2.750000000000000222e-01
-4.369999999999999996e-01 -2.999999999999999889e-01 3.499999999999999778e-01
-3.810000000000000053e-01 -2.999999999999999889e-01 2.000000000000000111e-01
-3.810000000000000053e-01 -2.999999999999999889e-01 2.750000000000000222e-01
-3.810000000000000053e-01 -2.999999999999999889e-01 3.499999999999999778e-01
-8.289999999999999591e-01 -2.439999999999999947e-01 2.000000000000000111e-01
-8.289999999999999591e-01 -2.439999999999999947e-01 2.750000000000000222e-01
-8.289999999999999591e-01 -2.439999999999999947e-01 3.499999999999999778e-01
-7.729999999999999094e-01 -2.439999999999999947e-01 2.000000000000000111e-01
-7.729999999999999094e-01 -2.439999999999999947e-01 2.750000000000000222e-01
-7.729999999999999094e-01 -2.439999999999999947e-01 3.499999999999999778e-01
-7.169999999999999707e-01 -2.439999999999999947e-01 2.000000000000000111e-01
-7.169999999999999707e-01 -2.439999999999999947e-01 2.750000000000000222e-01
-7.169999999999999707e-01 -2.439999999999999947e-01 3.499999999999999778e-01
-6.610000000000000320e-01 -2.439999999999999947e-01 2.000000000000000111e-01
-6.610000000000000320e-01 -2.439999999999999947e-01 2.750000000000000222e-01
-6.610000000000000320e-01 -2.439999999999999947e-01 3.499999999999999778e-01
-6.049999999999999822e-01 -2.439999999999999947e-01 2.000000000000000111e-01
-6.049999999999999822e-01 -2.439999999999999947e-01 2.750000000000000222e-01
-6.049999999999999822e-01 -2.439999999999999947e-01 3.499999999999999778e-01
-5.490000000000000435e-01 -2.439999999999999947e-01 2.000000000000000111e-01
-5.490000000000000435e-01 -2.439999999999999947e-01 2.750000000000000222e-01
-5.490000000000000435e-01 -2.439999999999999947e-01 3.499999999999999778e-01
-4.929999999999999938e-01 -2.439999999999999947e-01 2.000000000000000111e-01
-4.929999999999999938e-01 -2.439999999999999947e-01 2.750000000000000222e-01
-4.929999999999999938e-01 -2.439999999999999947e-01 3.499999999999999778e-01
-4.369999999999999996e-01 -2.439999999999999947e-01 2.000000000000000111e-01
-4.369999999999999996e-01 -2.439999999999999947e-01 2.750000000000000222e-01
-4.369999999999999996e-01 -2.439999999999999947e-01 3.499999999999999778e-01
-3.810000000000000053e-01 -2.439999999999999947e-01 2.000000000000000111e-01
-3.810000000000000053e-01 -2.439999999999999947e-01 2.750000000000000222e-01
-3.810000000000000053e-01 -2.439999999999999947e-01 3.499999999999999778e-01
-8.289999999999999591e-01 -1.880000000000000004e-01 2.000000000000000111e-01
-8.289999999999999591e-01 -1.880000000000000004e-01 2.750000000000000222e-01
-8.289999999999999591e-01 -1.880000000000000004e-01 3.499999999999999778e-01
-7.729999999999999094e-01 -1.880000000000000004e-01 2.000000000000000111e-01
-7.729999999999999094e-01 -1.880000000000000004e-01 2.750000000000000222e-01
-7.729999999999999094e-01 -1.880000000000000004e-01 3.499999999999999778e-01
-7.169999999999999707e-01 -1.880000000000000004e-01 2.000000000000000111e-01
-7.169999999999999707e-01 -1.880000000000000004e-01 2.750000000000000222e-01
-7.169999999999999707e-01 -1.880000000000000004e-01 3.499999999999999778e-01
-6.610000000000000320e-01 -1.880000000000000004e-01 2.000000000000000111e-01
-6.610000000000000320e-01 -1.880000000000000004e-01 2.750000000000000222e-01
-6.610000000000000320e-01 -1.880000000000000004e-01 3.499999999999999778e-01
-6.049999999999999822e-01 -1.880000000000000004e-01 2.000000000000000111e-01
-6.049999999999999822e-01 -1.880000000000000004e-01 2.750000000000000222e-01
-6.049999999999999822e-01 -1.880000000000000004e-01 3.499999999999999778e-01
-5.490000000000000435e-01 -1.880000000000000004e-01 2.000000000000000111e-01
-5.490000000000000435e-01 -1.880000000000000004e-01 2.750000000000000222e-01
-5.490000000000000435e-01 -1.880000000000000004e-01 3.499999999999999778e-01
-4.929999999999999938e-01 -1.880000000000000004e-01 2.000000000000000111e-01
-4.929999999999999938e-01 -1.880000000000000004e-01 2.750000000000000222e-01
-4.929999999999999938e-01 -1.880000000000000004e-01 3.499999999999999778e-01
-4.369999999999999996e-01 -1.880000000000000004e-01 2.000000000000000111e-01
-4.369999999999999996e-01 -1.880000000000000004e-01 2.750000000000000222e-01
-4.369999999999999996e-01 -1.880000000000000004e-01 3.499999999999999778e-01
-3.810000000000000053e-01 -1.880000000000000004e-01 2.000000000000000111e-01
-3.810000000000000053e-01 -1.880000000000000004e-01 2.750000000000000222e-01
-3.810000000000000053e-01 -1.880000000000000004e-01 3.499999999999999778e-01
-8.289999999999999591e-01 -1.320000000000000062e-01 2.000000000000000111e-01
-8.289999999999999591e-01 -1.320000000000000062e-01 2.750000000000000222e-01
-8.289999999999999591e-01 -1.320000000000000062e-01 3.499999999999999778e-01
-7.729999999999999094e-01 -1.320000000000000062e-01 2.000000000000000111e-01
-7.729999999999999094e-01 -1.320000000000000062e-01 2.750000000000000222e-01
-7.729999999999999094e-01 -1.320000000000000062e-01 3.499999999999999778e-01
-7.169999999999999707e-01 -1.320000000000000062e-01 2.000000000000000111e-01
-7.169999999999999707e-01 -1.320000000000000062e-01 2.750000000000000222e-01
-7.169999999999999707e-01 -1.320000000000000062e-01 3.499999999999999778e-01
-6.610000000000000320e-01 -1.320000000000000062e-01 2.000000000000000111e-01
-6.610000000000000320e-01 -1.320000000000000062e-01 2.750000000000000222e-01
-6.610000000000000320e-01 -1.320000000000000062e-01 3.499999999999999778e-01
-6.049999999999999822e-01 -1.320000000000000062e-01 2.000000000000000111e-01
-6.049999999999999822e-01 -1.320000000000000062e-01 2.750000000000000222e-01
-6.049999999999999822e-01 -1.320000000000000062e-01 3.499999999999999778e-01
-5.490000000000000435e-01 -1.320000000000000062e-01 2.000000000000000111e-01
-5.490000000000000435e-01 -1.320000000000000062e-01 2.750000000000000222e-01
-5.490000000000000435e-01 -1.320000000000000062e-01 3.499999999999999778e-01
-4.929999999999999938e-01 -1.320000000000000062e-01 2.000000000000000111e-01
-4.929999999999999938e-01 -1.320000000000000062e-01 2.750000000000000222e-01
-4.929999999999999938e-01 -1.320000000000000062e-01 3.499999999999999778e-01
-4.369999999999999996e-01 -1.320000000000000062e-01 2.000000000000000111e-01
-4.369999999999999996e-01 -1.320000000000000062e-01 2.750000000000000222e-01
-4.369999999999999996e-01 -1.320000000000000062e-01 3.499999999999999778e-01
-3.810000000000000053e-01 -1.320000000000000062e-01 2.000000000000000111e-01
-3.810000000000000053e-01 -1.320000000000000062e-01 2.750000000000000222e-01
-3.810000000000000053e-01 -1.320000000000000062e-01 3.499999999999999778e-01
-8.289999999999999591e-01 -7.600000000000001199e-02 2.000000000000000111e-01
-8.289999999999999591e-01 -7.600000000000001199e-02 2.750000000000000222e-01
-8.289999999999999591e-01 -7.600000000000001199e-02 3.499999999999999778e-01
-7.729999999999999094e-01 -7.600000000000001199e-02 2.000000000000000111e-01
-7.729999999999999094e-01 -7.600000000000001199e-02 2.750000000000000222e-01
-7.729999999999999094e-01 -7.600000000000001199e-02 3.499999999999999778e-01
-7.169999999999999707e-01 -7.600000000000001199e-02 2.000000000000000111e-01
-7.169999999999999707e-01 -7.600000000000001199e-02 2.750000000000000222e-01
-7.169999999999999707e-01 -7.600000000000001199e-02 3.499999999999999778e-01
-6.610000000000000320e-01 -7.600000000000001199e-02 2.000000000000000111e-01
-6.610000000000000320e-01 -7.600000000000001199e-02 2.750000000000000222e-01
-6.610000000000000320e-01 -7.600000000000001199e-02 3.499999999999999778e-01
-6.049999999999999822e-01 -7.600000000000001199e-02 2.000000000000000111e-01
-6.049999999999999822e-01 -7.600000000000001199e-02 2.750000000000000222e-01
-6.049999999999999822e-01 -7.600000000000001199e-02 3.499999999999999778e-01
-5.490000000000000435e-01 -7.600000000000001199e-02 2.000000000000000111e-01
-5.490000000000000435e-01 -7.600000000000001199e-02 2.750000000000000222e-01
-5.490000000000000435e-01 -7.600000000000001199e-02 3.499999999999999778e-01
-4.929999999999999938e-01 -7.600000000000001199e-02 2.000000000000000111e-01
-4.929999999999999938e-01 -7.600000000000001199e-02 2.750000000000000222e-01
-4.929999999999999938e-01 -7.600000000000001199e-02 3.499999999999999778e-01
-4.369999999999999996e-01 -7.600000000000001199e-02 2.000000000000000111e-01
-4.369999999999999996e-01 -7.600000000000001199e-02 2.750000000000000222e-01
-4.369999999999999996e-01 -7.600000000000001199e-02 3.499999999999999778e-01
-3.810000000000000053e-01 -7.600000000000001199e-02 2.000000000000000111e-01
-3.810000000000000053e-01 -7.600000000000001199e-02 2.750000000000000222e-01
-3.810000000000000053e-01 -7.600000000000001199e-02 3.499999999999999778e-01
-8.289999999999999591e-01 -2.000000000000001776e-02 2.000000000000000111e-01
-8.289999999999999591e-01 -2.000000000000001776e-02 2.750000000000000222e-01
-8.289999999999999591e-01 -2.000000000000001776e-02 3.499999999999999778e-01
-7.729999999999999094e-01 -2.000000000000001776e-02 2.000000000000000111e-01
-7.729999999999999094e-01 -2.000000000000001776e-02 2.750000000000000222e-01
-7.729999999999999094e-01 -2.000000000000001776e-02 3.499999999999999778e-01
-7.169999999999999707e-01 -2.000000000000001776e-02 2.000000000000000111e-01
-7.169999999999999707e-01 -2.000000000000001776e-02 2.750000000000000222e-01
-7.169999999999999707e-01 -2.000000000000001776e-02 3.499999999999999778e-01
-6.610000000000000320e-01 -2.000000000000001776e-02 2.000000000000000111e-01
-6.610000000000000320e-01 -2.000000000000001776e-02 2.750000000000000222e-01
-6.610000000000000320e-01 -2.000000000000001776e-02 3.499999999999999778e-01
-6.049999999999999822e-01 -2.000000000000001776e-02 2.000000000000000111e-01
-6.049999999999999822e-01 -2.000000000000001776e-02 2.750000000000000222e-01
-6.049999999999999822e-01 -2.000000000000001776e-02 3.499999999999999778e-01
-5.490000000000000435e-01 -2.000000000000001776e-02 2.000000000000000111e-01
-5.490000000000000435e-01 -2.000000000000001776e-02 2.750000000000000222e-01
-5.490000000000000435e-01 -2.000000000000001776e-02 3.499999999999999778e-01
-4.929999999999999938e-01 -2.000000000000001776e-02 2.000000000000000111e-01
-4.929999999999999938e-01 -2.000000000000001776e-02 2.750000000000000222e-01
-4.929999999999999938e-01 -2.000000000000001776e-02 3.499999999999999778e-01
-4.369999999999999996e-01 -2.000000000000001776e-02 2.000000000000000111e-01
-4.369999999999999996e-01 -2.000000000000001776e-02 2.750000000000000222e-01
-4.369999999999999996e-01 -2.000000000000001776e-02 3.499999999999999778e-01
-3.810000000000000053e-01 -2.000000000000001776e-02 2.000000000000000111e-01
-3.810000000000000053e-01 -2.000000000000001776e-02 2.750000000000000222e-01
-3.810000000000000053e-01 -2.000000000000001776e-02 3.499999999999999778e-01
-8.289999999999999591e-01 3.599999999999997646e-02 2.000000000000000111e-01
-8.289999999999999591e-01 3.599999999999997646e-02 2.750000000000000222e-01
-8.289999999999999591e-01 3.599999999999997646e-02 3.499999999999999778e-01
-7.729999999999999094e-01 3.599999999999997646e-02 2.000000000000000111e-01
-7.729999999999999094e-01 3.599999999999997646e-02 2.750000000000000222e-01
-7.729999999999999094e-01 3.599999999999997646e-02 3.499999999999999778e-01
-7.169999999999999707e-01 3.599999999999997646e-02 2.000000000000000111e-01
-7.169999999999999707e-01 3.599999999999997646e-02 2.750000000000000222e-01
-7.169999999999999707e-01 3.599999999999997646e-02 3.499999999999999778e-01
-6.610000000000000320e-01 3.599999999999997646e-02 2.000000000000000111e-01
-6.610000000000000320e-01 3.599999999999997646e-02 2.750000000000000222e-01
-6.610000000000000320e-01 3.599999999999997646e-02 3.499999999999999778e-01
-6.049999999999999822e-01 3.599999999999997646e-02 2.000000000000000111e-01
-6.049999999999999822e-01 3.599999999999997646e-02 2.750000000000000222e-01
-6.049999999999999822e-01 3.599999999999997646e-02 3.499999999999999778e-01
-5.490000000000000435e-01 3.599999999999997646e-02 2.000000000000000111e-01
-5.490000000000000435e-01 3.599999999999997646e-02 2.750000000000000222e-01
-5.490000000000000435e-01 3.599999999999997646e-02 3.499999999999999778e-01
-4.929999999999999938e-01 3.599999999999997646e-02 2.000000000000000111e-01
-4.929999999999999938e-01 3.599999999999997646e-02 2.750000000000000222e-01
-4.929999999999999938e-01 3.599999999999997646e-02 3.499999999999999778e-01
-4.369999999999999996e-01 3.599999999999997646e-02 2.000000000000000111e-01
-4.369999999999999996e-01 3.599999999999997646e-02 2.750000000000000222e-01
-4.369999999999999996e-01 3.599999999999997646e-02 3.499999999999999778e-01
-3.810000000000000053e-01 3.599999999999997646e-02 2.000000000000000111e-01
-3.810000000000000053e-01 3.599999999999997646e-02 2.750000000000000222e-01
-3.810000000000000053e-01 3.599999999999997646e-02 3.499999999999999778e-01
-8.289999999999999591e-01 9.199999999999997069e-02 2.000000000000000111e-01
-8.289999999999999591e-01 9.199999999999997069e-02 2.750000000000000222e-01
-8.289999999999999591e-01 9.199999999999997069e-02 3.499999999999999778e-01
-7.729999999999999094e-01 9.199999999999997069e-02 2.000000000000000111e-01
-7.729999999999999094e-01 9.199999999999997069e-02 2.750000000000000222e-01
-7.729999999999999094e-01 9.199999999999997069e-02 3.499999999999999778e-01
-7.169999999999999707e-01 9.199999999999997069e-02 2.000000000000000111e-01
-7.169999999999999707e-01 9.199999999999997069e-02 2.750000000000000222e-01
-7.169999999999999707e-01 9.199999999999997069e-02 3.499999999999999778e-01
-6.610000000000000320e-01 9.199999999999997069e-02 2.000000000000000111e-01
-6.610000000000000320e-01 9.199999999999997069e-02 2.750000000000000222e-01
-6.610000000000000320e-01 9.199999999999997069e-02 3.499999999999999778e-01
-6.049999999999999822e-01 9.199999999999997069e-02 2.000000000000000111e-01
-6.049999999999999822e-01 9.199999999999997069e-02 2.750000000000000222e-01
-6.049999999999999822e-01 9.199999999999997069e-02 3.499999999999999778e-01
-5.490000000000000435e-01 9.199999999999997069e-02 2.000000000000000111e-01
-5.490000000000000435e-01 9.199999999999997069e-02 2.750000000000000222e-01
-5.490000000000000435e-01 9.199999999999997069e-02 3.499999999999999778e-01
-4.929999999999999938e-01 9.199999999999997069e-02 2.000000000000000111e-01
-4.929999999999999938e-01 9.199999999999997069e-02 2.750000000000000222e-01
-4.929999999999999938e-01 9.199999999999997069e-02 3.499999999999999778e-01
-4.369999999999999996e-01 9.199999999999997069e-02 2.000000000000000111e-01
-4.369999999999999996e-01 9.199999999999997069e-02 2.750000000000000222e-01
-4.369999999999999996e-01 9.199999999999997069e-02 3.499999999999999778e-01
-3.810000000000000053e-01 9.199999999999997069e-02 2.000000000000000111e-01
-3.810000000000000053e-01 9.199999999999997069e-02 2.750000000000000222e-01
-3.810000000000000053e-01 9.199999999999997069e-02 3.499999999999999778e-01
-8.289999999999999591e-01 1.479999999999999927e-01 2.000000000000000111e-01
-8.289999999999999591e-01 1.479999999999999927e-01 2.750000000000000222e-01
-7.729999999999999094e-01 1.479999999999999927e-01 2.000000000000000111e-01
-7.729999999999999094e-01 1.479999999999999927e-01 2.750000000000000222e-01
-7.169999999999999707e-01 1.479999999999999927e-01 2.000000000000000111e-01
-7.169999999999999707e-01 1.479999999999999927e-01 2.750000000000000222e-01
-6.610000000000000320e-01 1.479999999999999927e-01 2.000000000000000111e-01
-6.610000000000000320e-01 1.479999999999999927e-01 2.750000000000000222e-01
-6.049999999999999822e-01 1.479999999999999927e-01 2.000000000000000111e-01
-6.049999999999999822e-01 1.479999999999999927e-01 2.750000000000000222e-01
-5.490000000000000435e-01 1.479999999999999927e-01 2.000000000000000111e-01
-5.490000000000000435e-01 1.479999999999999927e-01 2.750000000000000222e-01
-4.929999999999999938e-01 1.479999999999999927e-01 2.000000000000000111e-01
-4.929999999999999938e-01 1.479999999999999927e-01 2.750000000000000222e-01
-4.369999999999999996e-01 1.479999999999999927e-01 2.000000000000000111e-01
-4.369999999999999996e-01 1.479999999999999927e-01 2.750000000000000222e-01
-3.810000000000000053e-01 1.479999999999999927e-01 2.000000000000000111e-01
-3.810000000000000053e-01 1.479999999999999927e-01 2.750000000000000222e-01
