2.290000000000000000e+02 6.210000000000000000e+02
1.280000000000000000e+02 5.560000000000000000e+02
3.910000000000000000e+02 6.160000000000000000e+02
3.320000000000000000e+02 5.500000000000000000e+02
5.520000000000000000e+02 6.110000000000000000e+02
5.350000000000000000e+02 5.440000000000000000e+02
7.110000000000000000e+02 6.070000000000000000e+02
7.330000000000000000e+02 5.400000000000000000e+02
8.690000000000000000e+02 6.040000000000000000e+02
9.310000000000000000e+02 5.370000000000000000e+02
2.610000000000000000e+02 4.450000000000000000e+02
1.780000000000000000e+02 3.470000000000000000e+02
4.100000000000000000e+02 4.420000000000000000e+02
3.610000000000000000e+02 3.440000000000000000e+02
5.560000000000000000e+02 4.390000000000000000e+02
5.410000000000000000e+02 3.420000000000000000e+02
7.000000000000000000e+02 4.360000000000000000e+02
7.180000000000000000e+02 3.390000000000000000e+02
8.420000000000000000e+02 4.340000000000000000e+02
8.920000000000000000e+02 3.360000000000000000e+02
2.890000000000000000e+02 2.990000000000000000e+02
2.190000000000000000e+02 1.800000000000000000e+02
4.250000000000000000e+02 2.970000000000000000e+02
3.830000000000000000e+02 1.790000000000000000e+02
5.590000000000000000e+02 2.960000000000000000e+02
5.460000000000000000e+02 1.790000000000000000e+02
6.910000000000000000e+02 2.940000000000000000e+02
7.040000000000000000e+02 1.780000000000000000e+02
8.210000000000000000e+02 2.920000000000000000e+02
8.630000000000000000e+02 1.740000000000000000e+02
3.110000000000000000e+02 1.760000000000000000e+02
2.530000000000000000e+02 4.500000000000000000e+01
4.370000000000000000e+02 1.740000000000000000e+02
4.010000000000000000e+02 4.300000000000000000e+01
5.610000000000000000e+02 1.750000000000000000e+02
5.490000000000000000e+02 4.300000000000000000e+01
6.830000000000000000e+02 1.730000000000000000e+02
6.940000000000000000e+02 4.300000000000000000e+01
8.040000000000000000e+02 1.710000000000000000e+02
8.390000000000000000e+02 4.100000000000000000e+01
