-2.895314991599185483e-01 1.810756439146002372e-01 6.439999837311916053e-01
-2.865228174860269816e-01 1.079929006241329009e-01 5.125999870506348088e-01
-1.764136331905426791e-01 1.774454748961172557e-01 6.434999837438226677e-01
-1.733809329169451185e-01 1.047184686247492891e-01 5.128999870430561714e-01
-6.476629650716572706e-02 1.754426950581852995e-01 6.489999836048809811e-01
-6.128874152405672932e-02 1.024877407335197804e-01 5.184999869015882723e-01
4.751166547787787769e-02 1.745688919574929221e-01 6.562999834204674698e-01
5.023534284149278745e-02 1.009343219457788099e-01 5.220999868106446229e-01
1.605378835325068365e-01 1.732217026779695190e-01 6.592999833446810953e-01
1.642351830730318374e-01 1.004900327845175551e-01 5.286999866439145990e-01
-2.931058780589255175e-01 6.378101398987873205e-02 7.063999821548350155e-01
-2.900655091223636739e-01 -9.191863173189053146e-03 5.745999854843830690e-01
-1.799848600673951415e-01 6.177853171178437214e-02 7.097999820689437911e-01
-1.765605543211033190e-01 -1.108453414781604245e-02 5.757999854540685192e-01
-6.831277319282903771e-02 5.995500316847991729e-02 7.155999819224234670e-01
-6.524765406507801457e-02 -1.251130150346101144e-02 5.840999852443928830e-01
4.334060634472047119e-02 5.770719188314445830e-02 7.165999818971613422e-01
4.672868032090560231e-02 -1.441671642755575945e-02 5.842999852393404581e-01
1.557870913043699623e-01 5.697557608699374554e-02 7.270999816319090314e-01
1.598352099403769211e-01 -1.663063173451571897e-02 5.954999849564046599e-01
-2.948395514764234338e-01 -5.217174075058256949e-02 7.665999806340551004e-01
-2.945718898316300738e-01 -1.261167645505943402e-01 6.397999838372925296e-01
-1.836200207057217815e-01 -5.433319166612570611e-02 7.736999804546940140e-01
-1.818189134890304537e-01 -1.274250993176802571e-01 6.428999837589799426e-01
-7.200945726162777394e-02 -5.568574814373582205e-02 7.808999802728067152e-01
-6.901514593643572060e-02 -1.286936024062370343e-01 6.492999835973023437e-01
3.958301447580944710e-02 -5.732818388552530370e-02 7.801999802904902026e-01
4.227080655142483046e-02 -1.299757450364198430e-01 6.521999835240421817e-01
1.520448949270217509e-01 -6.005691343775391294e-02 7.938999799443990923e-01
1.565857957768538034e-01 -1.345359783128335929e-01 6.606999833093141206e-01
-3.000985743406753281e-01 -1.675721799881618179e-01 8.317999789869645610e-01
-2.970654572574311092e-01 -2.409211561507604571e-01 7.012999822836718522e-01
-1.876760641185558631e-01 -1.703538662880529353e-01 8.365999788657063618e-01
-1.860866020533562537e-01 -2.443091673511441908e-01 7.066999821472563781e-01
-7.626126179594164278e-02 -1.715327018169889584e-01 8.468999786055064760e-01
-7.337677818665012952e-02 -2.461759701015279189e-01 7.120999820108409040e-01
3.574767670174028300e-02 -1.739429258570390491e-01 8.496999785347725265e-01
3.885715103850474056e-02 -2.488378925418898990e-01 7.197999818163225427e-01
1.485253593733531219e-01 -1.775031376316167087e-01 8.579999783250968903e-01
1.525175377923559950e-01 -2.514428498518318511e-01 7.227999817405361682e-01
